1809
622407
-775085
468269
-78112
881956
57948
-355863
-343023
877810
286971
-562554
-159479
-931208
813909
405632
-406032
413094
811274
-782267
979107
-636829
12468
-613325
-360476
640837
-205631
91600
-655774
948379
-954509
-570360
-496828
776298
-903246
-516579
-985114
-542753
117029
-986176
203837
704547
300134
-121790
999720
-27106
-623670
717470
560607
261190
-385077
-37282
-458040
-408695
349598
973776
-4739
-924706
273759
-791066
-645821
157164
-561491
-821369
-766205
818072
35581
-215966
992564
442617
-980752
984204
-255458
761289
-337128
87514
512627
896296
381693
770092
448537
183758
36132
-98015
845190
-745987
548215
-457729
252022
-28119
-670878
-208932
208760
801008
-904862
-530624
-312066
343256
-474428
906205
-465109
920399
-994357
-229841
-73426
35623
-384900
730995
687451
-868680
-38209
714736
-349574
542759
-635456
527374
325843
-810771
-273957
-800590
-571262
1728
-733904
963441
63205
-110695
586476
33103
-418126
-729371
518386
825511
775308
438528
-657389
-482105
66063
826904
-936600
658188
-627199
283587
-875246
896687
-599210
541218
938854
383563
234157
923482
-49036
-628735
186285
322768
303628
-650909
-789391
-392403
-616129
763748
499917
-490110
417454
-712520
303449
850044
44166
-893408
217448
-204387
729258
-2390
79139
399480
-174819
909284
-322435
560600
-371702
-322981
698623
-75391
883001
386305
833276
985959
990162
322357
-489685
-26515
-868706
344743
874453
-617711
-298928
804346
-945440
-969291
618535
305982
-531868
-965978
-338318
189851
-30334
-909193
-786007
563141
-207636
-275699
489188
382884
223328
473785
-972262
543924
-819693
-98951
-947791
-764347
-219863
459977
98535
421173
-965988
-341205
-116438
-632525
984398
-328316
881357
-854619
834236
-927000
-932784
125926
962852
-205772
991300
-276745
-311820
-171330
961956
515271
-89518
241005
-585825
82047
326271
654031
94396
-71996
-698346
154199
187370
619397
492943
916753
-249757
-964761
878959
567554
162965
-357539
90933
-682996
-207875
643929
-436666
-87366
321824
298625
372098
-789231
-27644
613388
-71575
982680
550719
421217
835141
324834
-162455
-209208
414932
-726043
18199
978375
-400453
981504
411469
678808
-934451
-304841
-261805
-45170
-114897
-639293
920847
798679
251991
667663
-393960
-549046
839740
-581917
-747136
522829
101338
-577161
815986
-670749
978990
27094
683138
521115
-28516
236554
-10242
369653
426998
323861
-704903
-869879
277481
899219
-954591
-95976
546984
-432973
-240863
446806
-236656
-864912
-621041
12807
-843432
551525
-447565
-246889
-62351
-25334
164717
-484798
984257
374641
981220
-609200
-570010
866615
686255
552369
-791955
203809
178872
-537849
761187
-809202
-377475
411649
-254785
821578
986170
-132430
-930843
-938381
-934859
788820
-345996
-326087
24790
41179
423183
694289
694932
-873033
-104745
-130432
456952
331106
508126
-216049
-70895
-14574
-677189
38675
-575690
-651924
475751
-408048
536288
777666
-925463
-707913
447289
548297
-121447
9309
-352167
-55856
-141931
782922
-675262
-662226
721129
29412
388555
20490
-945719
-57234
80287
-967542
-965929
216005
851186
-879041
654539
408611
957589
-737107
934242
807071
-215995
368612
-187140
-792833
315529
-375607
207055
681182
-159728
165954
965038
-757367
-143738
-482723
800442
-540939
-31260
-647751
534735
861642
-338613
-794703
764864
875347
-871624
-868064
652256
136932
467761
535885
-213908
-49598
-45677
-95243
765698
-730030
919486
800267
911463
98875
239562
406564
-336310
-421261
807594
29557
550181
205825
-57697
935052
-83935
-689362
389853
-935421
-295930
148183
-645912
280231
560657
485560
-947960
-150636
555312
-747844
343932
795936
349838
304907
610568
492589
593579
645156
390100
-485409
322914
-159527
-518762
990819
110548
213304
-509444
-682006
-28972
-145666
-879852
-860535
218310
-295107
-302741
92148
116003
-196086
-798698
-819204
-520980
396595
-527339
-869430
109277
-555761
-797570
-836810
265063
-99797
586886
6693
-45200
480787
-493168
-347462
392097
-136750
249668
-280277
363393
-764582
783996
-508314
738613
434296
-722896
74418
-431838
957341
718397
-255004
-651860
187326
958935
53973
271670
574751
758555
-201319
987159
-947623
-514785
-980471
339203
-994685
718443
994274
-499799
-694756
-644299
308263
-336577
782936
608275
451083
319503
-728054
375224
-538660
2228
263920
892561
-549132
-470614
-849272
-823237
-796801
934607
705077
2782
-609201
29136
-237900
727697
429508
792263
-93974
864167
-651685
300638
481725
-704826
371705
-993633
458418
-540237
298393
-261453
-503614
-798670
635812
-921982
869076
-34911
376494
-344290
37968
423292
280858
419049
229741
7754
753243
-651661
790700
970226
-126352
211533
294817
-148522
108769
-897201
58538
203798
-607032
-125456
-679285
-919505
109621
-564134
240105
-978664
-836373
-132069
598944
-356922
5979
-49446
438268
-424445
399082
875652
564757
-187246
895050
249600
-358233
5746
925872
416746
-243401
-419419
-958849
658967
-677088
-711582
-20332
-392733
625170
772480
-84528
-819037
23723
668497
824751
534289
-263520
-352108
902083
-220400
497004
-395344
-390831
-245781
-571258
160897
219394
-618169
-105857
-643856
64591
-777421
873989
-870322
-25119
-16061
847196
-25306
-267968
-221415
-6784
-317226
-244226
747079
-277915
19836
-581675
398809
-538576
-131708
-762563
257681
103493
870829
682621
-484773
293656
884022
377415
493663
-811227
769918
825277
353450
777428
645008
-516096
-585822
739825
984443
735786
663076
-812973
360313
-766259
317744
494215
27469
-597137
799263
453722
840073
400921
328485
-28220
214016
789606
821906
-264156
-854768
-747528
852914
710982
-133617
554231
-786629
842813
-48496
-423856
-961014
217483
-913822
550858
703178
-439651
681207
-596193
-399742
49142
832224
763799
346720
-949278
-209905
571507
760178
106599
354913
930628
526987
-792440
-331250
-152188
312631
-995676
305939
294457
108930
624817
617784
385489
68656
-37018
-396204
-625717
-715297
-308126
50207
996565
-105600
-456651
342603
-630161
519853
-551768
1859
-714503
-252677
-16048
-405297
202667
446449
-390305
-319572
109554
98246
186699
107374
-166828
-208479
-284236
307237
23119
-638629
973329
-331811
292293
848060
209261
571073
215207
-732840
429417
-942082
-521794
-70029
875429
553026
-833631
-657096
537454
125090
622354
41065
-382023
984613
-762833
282503
290189
915834
-196481
88809
953072
-265783
524928
-99002
-537965
-869088
-373180
-862676
678874
276021
96410
-994862
598769
-339294
534702
543600
-136851
-613011
-498628
-239258
-395715
511368
-1254
-839949
-520241
965043
438465
196685
-474488
634683
462624
-284742
-36381
-43909
-434928
-208099
537530
-701455
243912
663087
896551
-998036
-334331
-354653
-584112
-834831
693453
-787492
-664597
-522805
-631259
-516957
-716251
603662
-662747
-156063
-975427
63749
751351
102732
993194
-645596
-648589
-214512
-310270
-199850
591805
-855819
-267392
302954
-67138
-601998
210565
-529828
185945
-954680
-32566
156207
441497
269012
-534491
799518
-843873
-255940
-350027
-181113
-99909
-149007
-870403
433815
-612718
762957
-984770
-194559
-117146
593908
-912728
-228442
-599811
563055
-815991
465282
-963674
-860468
825126
729728
-279239
-806281
236793
-536633
-835785
73397
-631240
408863
-878334
-237929
192540
989590
-218792
-805369
714378
806604
38329
960555
982950
69407
-660133
-105376
-381969
-125171
-935309
-101929
420596
522553
-281121
254070
390539
-541502
974778
203177
-384100
-671417
-898211
-802814
-313250
-948389
72303
462261
756697
-491327
-77942
310934
-857002
7103
-189185
-660726
391736
-64236
604101
-257124
147827
557478
764725
270782
-659015
646712
176298
-464809
220058
-65610
-466172
-279666
867243
-539058
-192734
-387048
-79694
-126101
-401860
390984
100177
9089
625361
100585
828201
582496
807155
995952
-352235
-559535
-237011
-893636
-634816
301302
514766
907562
-847101
-668637
-869571
-798188
-444519
249549
260691
-902852
-485311
131359
161773
-598674
328282
207803
240773
-815564
-95084
-400878
-509124
132024
-415140
547795
-712537
489301
884993
470501
725142
839237
242316
-87764
454463
-99366
-886703
-491135
-375970
843213
687974
-404631
-560162
-386754
505277
-513715
-21976
660976
-447041
710893
225102
-758709
895575
888694
-307693
-363247
-772358
786860
420224
153674
531436
-726518
-951804
-355985
262632
118799
-417446
816447
936921
496626
999773
90131
-980332
-871708
-144413
-607189
-959596
924997
-596599
58645
907430
-412627
64110
-973374
-710965
820883
-556382
-788831
466486
325408
-1984
69640
-694594
-572232
531183
910549
84985
-788954
-73231
203556
-783388
-7931
-626756
-387955
-726793
228123
-98198
-245890
863899
-394141
561557
-100742
816519
-316417
-589136
-161346
848785
-926174
875390
11645
628294
501432
173895
670691
-237811
-11231
-426706
-284623
71465
77711
359294
-268774
-197908
641616
651300
-650216
-688691
-805266
476836
150965
-991547
928647
-593892
907919
-359061
-366142
741364
986182
760398
616343
-181798
703375
382408
559595
894306
-202178
-569497
170523
-935999
950947
-991857
-931483
-628523
493983
43543
151333
778559
18663
-681307
-846030
-208435
-151082
-851970
249556
-524333
-102593
784054
-575370
749063
329493
-511993
144757
584639
-274491
-173566
312518
-660729
-797207
467859
419446
-126224
553753
-490636
20409
457260
-271720
-590611
201809
-603794
-372407
-684698
876997
560933
-308763
852018
-60249
590582
-257068
-84036
-411487
294772
24341
-195578
-145215
-150909
-171482
479937
982567
470600
111908
-284679
997927
58029
-961219
-789452
-199394
-888437
556723
233733
561296
91456
-780135
-27420
-377322
344649
418222
-87067
35172
276414
618856
-870531
-22981
-666436
995493
236004
-832641
339174
-368145
-966042
-702189
145027
218248
465015
266487
-897662
-272905
85817
734239
53705
-815990
494083
-875665
-967642
106853
-597025
155374
-917173
-835926
386119
-669823
701732
-706817
448951
378741
-686864
-877836
-929703
-285909
153950
-871153
779253
579000
95495
-853832
336666
415442
783353
204330
641052
666429
-971013
807882
-635587
-951242
-641683
-17552
-591960
84731
950305
-10569
276906
-752122
771382
-607562
-912310
-37565
813098
469611
-908671
-584396
533511
363601
-362738
-824266
-800602
955586
477385
-543263
929118
720062
-484435
-47358
307544
708785
667126
-26199
-894589
254279
-588378
-714042
416035
-924303
-962610
443522
-137651
638023
-629981
-198444
-80394
276729
152181
-912254
-617511
-735481
-115373
-772574
-279923
-133137
552545
619799
-596965
946627
526673
435405
-342722
-323914
709251
-487903
-852433
-97481
-774455
968933
-669330
-677585
159978
354877
-700261
-210696
-760681
448519
694119
-599802
-502180
203258
-69776
457631
965520
-380506
901019
791111
426517
628070
-335052
-142871
-866616
463216
458889
-345995
28800
-654175
-367220
388359
688732
-651408
-786353
905332
424876
-684754
-550593
-302046
179331
611872
725687
805724
932934
363278
-901657
484551
-131242
-285131
73950
366978
148396
-821326
186945
-740280
468608
-149048
-284282
132051
985708
856500
431865
-949217
-852822
551432
-853281
-879980
-968900
972992
505528
725661
339147
747308
516607
-24582
93081
297363
-635716
544651
-448259
931949
5745
700225
304812
-615748
-237785
-576965
-564787
-519782
779096
740198
568444
661435
-781504
-379021
908089
507051
237292
-781393
-702531
98457
-739368
-319245
171831
-560573
283144
-221383
710505
234835
-907558
-637843
-622057
48886
493267
92998
-152918
-746280
-898730
527557
-896953
-628238
-190342
281084
594939
-727765
-726892
-541151
-75954
-546198
-357472
-942354
-107549
891763
907547
-108034
-241418
282863
185382
-868782
-287437
-754079
219156
-214982
-663080
193281
-902161
120430
-246177
656590
870664
567307
691735
-303833
764285
401906
259456
420297
93277
485355
-307255
760194
-599239
271996
954599
115751
-534530
817360
-983334
938632
-792811
-210828
-987013
-483934
61560
-937968
707357
-937284
-544389
-54579
-387697
590117
343183
861998
-115638
304075
415138
-193418
675837
953238
-357523
-596421
628222
-859187
400025
607143
-846670
-170863
736794
920510
-70371
497872
68200
322444
144971
-251353
791870
292185
-780630
-66092
-572479
657599
360842
921969
55495
-413796
-59309
-964813
-721216
876086
624267
-76941
-834091
-398837
500833
-786956
-375851
-109928
589988
818307
-511558
-719644
-440072
710604
849777
505769
-522186
-62607
79289
388183
481927
927416
246169
807845
315628
560848
-89955
-52806
-690637
-980857
-734845
52455
-482936
-454191
-657309
-938967
-265424
-963716
842351
-465696
92390
-679091
177057
427181
863714
-510389
-640264
-118247
21094
-361051
333096
-678229
927055
-750748
-446558
243785
19712
-578637
494583
657734
-503966
497187
-454847
323508
-261516
210411
246896
-355954
-643979
631592
-209841
172352
632556
143829
874735
66108
-392915
89457
-429549
-395717
120213
44023
384106
277254
52512
-32908
-319101
894326
-426982
-280785
348519
-154970
653866
195099
198813
177828
-887601
-159118
-989470
-255957
-10143
823807
937912
45597
-365526
-343001
-666358
-900174
317525
-178768
-173836
-904989
-509650
-217356
-346557
-885773
-446054
446945
-406707
434334
610713
697798
873125
784182
-270511
287539
-918394
-849203
925230
423390
207578
-664138
-139334
-62084
-395952
-234801
-177623
-656388
-423684
-59407
-831655
-59388
-268138
-834872
472490
938792
298103
245432
-223358
588797
334950
4805
877548
29866
847282
602338
479090
848968
27474
540169
41376
-882988
967774
-816524
-291581
-197426
531542
-149126
608462
-642458
-818718
583050
422989
-936239
-873321
-280963
-463597
-500549
307630
-781580
957789
-540652
-625304
-494087
809349
4273
101047
20172
-354381
