100
7 8
0 10
3 11
7 12
11 13
5 15
6 16
1 16
5 16
11 19
2 21
8 22
14 24
23 24
21 25
8 26
11 26
9 27
24 28
22 28
27 29
16 30
11 31
20 31
18 31
25 33
25 35
25 36
27 36
29 36
18 38
36 38
35 38
36 38
26 40
30 40
33 40
38 41
30 42
31 42
33 43
38 44
30 44
29 45
42 49
32 49
30 50
33 52
46 54
47 56
44 56
39 57
48 58
43 60
48 61
43 62
61 63
54 68
64 68
58 69
52 70
53 71
56 74
61 74
64 75
59 75
63 76
74 76
75 77
73 78
67 79
61 80
69 81
75 86
75 86
75 87
79 89
73 90
81 91
77 91
81 92
84 92
73 92
85 94
75 94
77 94
77 94
78 96
80 98
83 98
85 99
93 100
99 102
87 104
91 107
92 109
90 109
95 111
99 119
101 121
